ID,Demand/Unit,a,b,c
0,71,0.56,0.73,0.51
1,65,0.42,0.61,0.63
2,59,0.69,0.45,0.72
3,72,0.56,0.46,0.34
4,67,0.48,0.52,0.75
5,53,0.58,0.45,0.58
6,67,0.60,0.66,0.42
7,75,0.62,0.42,0.69
8,63,0.60,0.31,0.41
9,64,0.73,0.38,0.47
10,58,0.47,0.36,0.74
11,66,0.33,0.56,0.60
12,77,0.43,0.79,0.50
13,54,0.61,0.52,0.74
14,75,0.45,0.61,0.59
15,59,0.52,0.42,0.64
16,52,0.62,0.75,0.50
17,74,0.35,0.60,0.49
18,55,0.70,0.57,0.39
19,79,0.45,0.38,0.50
20,69,0.47,0.61,0.39
21,70,0.66,0.51,0.72
22,60,0.63,0.65,0.71
23,74,0.36,0.69,0.49
24,63,0.68,0.37,0.50
25,65,0.74,0.40,0.41
26,61,0.34,0.52,0.77
27,76,0.55,0.42,0.46
28,52,0.69,0.73,0.39
29,56,0.43,0.71,0.68
30,63,0.56,0.55,0.46
31,68,0.58,0.49,0.56
32,77,0.62,0.65,0.38
33,70,0.34,0.58,0.63
34,80,0.72,0.46,0.40
35,61,0.56,0.47,0.62
36,53,0.44,0.65,0.59
37,62,0.70,0.39,0.58
38,78,0.38,0.68,0.49
39,79,0.46,0.51,0.40
40,54,0.64,0.73,0.70
41,75,0.53,0.59,0.47
42,69,0.56,0.41,0.75
43,63,0.45,0.36,0.49
44,80,0.64,0.70,0.67
45,72,0.45,0.39,0.43
46,68,0.54,0.73,0.61
47,63,0.58,0.47,0.56
48,59,0.36,0.75,0.51
49,66,0.65,0.57,0.58
50,52,0.61,0.72,0.63
51,60,0.48,0.41,0.53
52,63,0.59,0.45,0.71
53,65,0.45,0.53,0.46
54,79,0.44,0.51,0.56
55,69,0.36,0.60,0.52
56,73,0.66,0.38,0.72
57,69,0.33,0.77,0.59
58,68,0.42,0.61,0.56
59,70,0.55,0.72,0.47
60,63,0.74,0.56,0.53
61,56,0.52,0.62,0.44
62,71,0.39,0.70,0.52
63,66,0.40,0.66,0.63
64,55,0.59,0.37,0.68
65,60,0.42,0.58,0.57
66,78,0.73,0.44,0.54
67,72,0.46,0.67,0.50
68,79,0.49,0.43,0.60
69,55,0.38,0.56,0.47
70,67,0.71,0.42,0.51
71,74,0.64,0.49,0.67
72,77,0.40,0.58,0.43
73,60,0.73,0.50,0.55
74,80,0.39,0.72,0.62
75,77,0.59,0.62,0.42
76,63,0.54,0.38,0.52
77,73,0.66,0.41,0.59
78,69,0.37,0.59,0.45
79,77,0.49,0.51,0.68
80,72,0.66,0.47,0.44
81,60,0.62,0.39,0.66
82,56,0.47,0.74,0.72
83,71,0.73,0.44,0.59
84,68,0.62,0.52,0.53
85,78,0.66,0.35,0.75
86,75,0.58,0.56,0.47
87,74,0.74,0.60,0.61
88,69,0.52,0.39,0.62
89,73,0.41,0.58,0.66
90,60,0.50,0.53,0.72
91,79,0.59,0.46,0.50
92,67,0.68,0.54,0.53
93,77,0.75,0.59,0.50
94,61,0.64,0.45,0.58
95,75,0.47,0.60,0.41
96,73,0.60,0.55,0.42
97,69,0.62,0.42,0.49
98,77,0.56,0.69,0.53
99,62,0.68,0.43,0.47